[1,5,10,25,50]
2
[1,5,10,25,50]
4
[1,5,10,25,50]
6
[1,5,10,25,50]
8
[1,5,10,25,50]
10
[1,5,10,25,50]
12
[1,5,10,25,50]
14
[1,5,10,25,50]
16
[1,5,10,25,50]
18
[1,5,10,25,50]
20
[1,5,10,25,50]
22
[1,5,10,25,50]
24
[1,5,10,25,50]
26
[1,5,10,25,50]
28
[1,5,10,25,50]
30
[1,5,10,25,50]
32
[1,5,10,25,50]
34
[1,5,10,25,50]
36
[1,5,10,25,50]
38
[1,5,10,25,50]
40
[1,5,10,25,50]
42
[1,5,10,25,50]
44
[1,5,10,25,50]
46
[1,5,10,25,50]
48
[1,5,10,25,50]
50
[1,5,10,25,50]
52
[1,5,10,25,50]
54
[1,5,10,25,50]
56
[1,5,10,25,50]
58
[1,5,10,25,50]
60
[1,5,10,25,50]
62
[1,5,10,25,50]
64
[1,5,10,25,50]
66
[1,5,10,25,50]
68
[1,5,10,25,50]
70
[1,5,10,25,50]
72
[1,5,10,25,50]
74
[1,5,10,25,50]
76
[1,5,10,25,50]
78
